-9.17474	3.8279	0.326594	3.86874e-09	404.732
7.81408	9.58246	0.735629	2.08431e-09	224.189
-5.29901	-2.6431	0.828085	2.24617e-09	226.531
3.46876	-0.616994	0.941343	3.89491e-10	41.6929
5.98987	-3.22908	0.961873	2.12908e-09	219.643
9.63608	8.49145	0.0350088	2.92342e-09	307.65
6.3508	0.988469	0.864042	2.11651e-09	213.614
3.99705	-3.56842	0.778128	1.0227e-08	1044.77
7.17066	8.89892	0.483971	1.93006e-09	198.792
-1.16244	5.42912	0.657074	5.79536e-10	57.6428
1.76771	-8.93235	0.802443	3.92085e-09	399.61
7.59809	6.75166	0.260244	4.07023e-10	44.0093
6.13877	0.643095	0.377806	2.96299e-09	300.744
0.425763	-0.608264	0.638986	1.12629e-09	118.78
3.66524	3.26293	0.76817	5.4187e-09	551.266
-4.20827	8.36377	0.836976	4.86497e-09	498.215
8.46072	-8.09404	0.875317	7.34895e-09	740.698
8.26859	-3.83405	0.295084	8.82141e-10	91.7846
-1.05556	1.68446	0.349434	5.07493e-09	535.009
2.59815	0.379627	0.954057	3.81545e-09	383.87
-9.2319	8.69532	0.944899	3.27279e-09	334.307
0.970412	0.735596	0.721117	1.97035e-09	197.26
-7.21375	-4.58273	0.865382	5.71683e-09	594.509
4.16422	-0.673029	0.667337	2.561e-09	251.911
9.38644	-3.79137	0.692893	1.20835e-09	131.867
1.12582	9.11198	0.684445	1.6451e-09	165.207
1.89665	1.34406	0.559549	8.89269e-10	95.5657
8.50923	6.81289	0.687497	6.38844e-09	629.848
1.72328	-1.49808	0.723528	3.24291e-09	327.639
6.99469	3.15764	0.975943	4.37921e-09	435.291
8.45146	-5.31262	0.701934	1.76986e-09	177.755
7.56797	9.54239	0.278062	9.72071e-10	99.5465
5.83887	-5.03322	0.538095	3.48519e-09	341.993
1.38881	8.45238	0.597587	4.88834e-09	486.729
2.8951	7.46302	0.823037	1.38296e-09	131.943
-1.85696	-2.86615	0.638982	1.8922e-09	197.376
-3.84603	9.69462	0.50316	1.41201e-09	164.73
6.20765	-1.73253	0.222499	1.14065e-08	1169.93
-2.04528	-0.0962814	0.482632	9.61877e-09	993.543
7.07679	8.74283	0.827475	3.60339e-09	373.962
9.20976	-7.91984	0.955794	7.89422e-09	821.593
-5.85625	-6.71559	0.252783	3.89541e-09	413.817
7.30794	-4.24054	0.456329	1.63189e-09	163.828
-3.62207	7.46481	0.295909	2.34832e-09	247.8
-6.32733	3.35031	0.00504161	2.7895e-09	271.739
-4.5026	8.22669	0.700866	1.76657e-09	183.42
2.36847	-0.292239	0.862326	2.28209e-09	233.614
9.93578	-3.98652	0.43007	2.50981e-09	253.529
-0.720918	1.90658	0.0712658	2.07327e-09	212.744
2.62562	-6.75739	0.663419	4.97009e-09	505.288
5.06022	3.92613	0.447419	9.02691e-10	96.289
7.06918	4.15387	0.945968	3.31387e-09	351.404
-7.46678	-4.06032	0.92229	3.20121e-09	335.903
9.23555	-3.29561	0.9619	1.21533e-09	120.877
0.842455	-0.382497	0.513786	1.09648e-09	123.814
-3.77592	2.38561	0.667518	2.1492e-09	230.196
9.82082	4.02748	0.591722	1.55299e-09	156.941
-2.78719	5.16517	0.474574	4.12662e-09	423.115
8.84453	-1.91922	0.154491	1.4476e-09	149.558
7.71872	1.52479	0.38058	8.27437e-10	81.6368
8.15575	-5.05649	0.590067	1.25785e-09	135.288
4.11522	-4.03069	0.775883	6.33282e-09	660
6.11913	8.43807	0.645835	8.18705e-09	831.567
-6.59592	6.44827	0.848664	5.07545e-09	513.018
5.80112	5.65593	0.00930522	2.43118e-09	249.953
-2.96032	0.123849	0.973994	2.96956e-09	305.063
-5.77212	6.96397	0.155349	7.47034e-09	740.405
4.24671	8.16754	0.882992	8.33782e-10	77.4212
4.4627	6.83973	0.822961	9.26547e-10	102.854
-4.77238	4.45206	0.78343	5.70203e-09	584.269
6.51026	9.53937	0.0373938	2.7414e-09	306.523
2.08755	0.104231	0.886135	1.47159e-09	142.482
0.0235492	-4.91809	0.682573	2.86286e-09	287.522
8.65094	-2.56283	0.530357	3.35205e-09	340.94
-0.448575	1.71592	0.780546	1.59403e-09	154.68
1.52868	0.269791	0.969485	2.61448e-09	272.991
8.82795	0.130147	0.989942	4.22936e-09	437.206
9.79603	4.31874	0.248625	8.42176e-09	876.892
5.02451	-0.611231	0.129116	3.58643e-09	371.636
1.05629	-9.96836	0.52435	6.35654e-09	672.698
-4.32478	-9.64326	0.799163	3.86977e-09	396.667
7.64631	3.23816	0.754521	1.88127e-09	206.063
-9.54082	6.35896	0.944766	3.3594e-09	344.537
5.71388	2.14503	0.913749	1.47183e-09	157.931
-8.3891	-4.30447	0.825731	1.02984e-08	1044.82
6.47638	0.175927	0.696288	1.10812e-08	1147.48
-3.91987	3.54118	0.853171	2.59735e-09	261.473
8.70117	2.65687	0.57267	6.06099e-10	65.2426
5.55852	4.53874	0.529138	5.44969e-09	553.113
4.68222	6.32514	0.841215	8.85043e-09	918.415
-0.132959	-5.5005	0.0336612	4.73236e-09	485.178
3.93119	-0.623783	0.638918	3.46247e-09	359.851
7.07542	8.9088	0.192355	8.16392e-09	824.194
1.33379	7.86379	0.449805	2.09788e-09	225.314
-3.75269	-9.10171	0.908606	1.18174e-09	122.483
9.98448	1.50797	0.854399	1.81283e-09	197.571
7.71685	5.61291	0.71372	3.98421e-09	407.247
-7.17952	-0.757369	0.704558	6.3375e-09	641.707
9.63857	-9.91014	0.990908	1.65684e-08	1687.01
6.07055	8.25392	0.0640833	6.08253e-10	61.731
7.32285	6.29006	0.0664451	2.20394e-09	223.938
-1.58386	-0.672693	0.974168	3.53928e-09	382.144
3.91214	4.88027	0.393438	7.7456e-10	79.9316
-7.1442	6.29465	0.203867	4.25383e-09	446.674
5.85381	9.76003	0.818428	4.28206e-09	417.268
6.71611	6.9629	0.640862	8.94484e-09	929.199
-5.51994	0.158924	0.75823	5.86363e-09	607.737
6.10599	3.1803	0.60409	7.07796e-09	714.093
6.93342	3.84226	0.562887	5.38432e-09	544.072
-2.30115	-2.65998	0.952152	2.22244e-09	227.809
-1.02185	-0.502574	0.0684155	2.97129e-09	297.281
2.32476	3.89463	0.783474	8.27393e-10	97.0611
-6.13848	6.63218	0.282822	1.44646e-09	155.373
7.29934	2.30244	0.962301	4.80008e-09	482.591
-1.03543	-2.72915	0.480101	3.11736e-09	314.527
-0.0205228	-1.05652	0.825634	1.588e-09	162.398
0.52488	-0.319973	0.591388	1.76567e-09	187.374
1.05859	3.78333	0.474579	1.74611e-09	178.382
7.17337	1.4406	0.591923	1.54151e-09	158.612
-5.8828	-1.70152	0.492794	6.81089e-09	722.64
9.66274	3.08789	0.500487	1.10628e-09	114.867
3.65698	8.91506	0.0710934	4.30525e-09	441.573
7.17507	6.33657	0.461796	3.3613e-09	343.088
-7.57181	2.63819	0.653878	4.9692e-09	510.418
8.80989	-7.03579	0.467823	2.8097e-09	288.747
-4.69513	8.05595	0.764737	2.76232e-09	282.712
8.60957	5.02767	0.95391	1.78801e-09	180.135
6.68809	1.68035	0.687561	9.37347e-10	97.4145
8.67906	1.93457	0.545874	8.49917e-10	84.0346
4.93701	-3.4076	0.929861	1.77655e-09	185.089
7.57047	-5.44568	0.825967	2.63594e-09	263.712
0.0599937	1.94561	0.368856	5.9885e-10	67.2175
-1.95435	-9.16923	0.915503	4.30331e-09	448.164
-4.18847	-2.07467	0.495717	6.58942e-09	676.368
-4.64188	-5.61195	0.827982	1.54227e-09	164.855
9.99971	-2.09866	0.251101	3.98561e-09	389.197
-7.39309	4.44592	0.69766	1.27636e-08	1288.07
6.61168	2.99581	0.695584	6.005e-09	620.175
6.99103	2.01246	0.290339	1.14518e-09	116.78
8.53156	-3.62602	0.859732	1.21717e-09	119.171
8.74926	-0.583155	0.296051	6.80127e-09	677.183
0.168259	1.80546	0.499321	1.94848e-09	192.951
7.86547	7.42359	0.586166	5.02916e-10	51.0043
5.30051	4.82604	0.0708466	1.39482e-09	143.234
4.95921	7.15065	0.653266	4.78487e-09	504.684
-7.00034	3.01643	0.833866	1.63718e-09	172.036
7.29958	-3.86642	0.912622	2.41643e-09	257.158
7.72355	-1.09438	0.323288	7.11504e-09	742.016
-0.65274	0.66397	0.993056	3.89687e-09	409.097
-1.71023	6.58002	0.967085	4.89049e-09	497.484
5.05368	-9.01596	0.64537	5.24489e-09	560.621
3.48772	7.30213	0.462491	1.1536e-09	118.274
8.35438	5.77867	0.924018	2.42076e-09	231.808
1.98632	6.52248	0.814552	2.10048e-09	216.449
-0.477738	6.44587	0.880283	7.14764e-10	76.9409
1.19182	0.942435	0.770838	1.78262e-09	195.408
7.61703	-5.92123	0.757598	3.20431e-09	328.957
6.05744	-9.08955	0.751131	8.57767e-09	882.308
7.66218	7.14126	0.913511	1.17068e-09	124.039
7.33075	4.93033	0.240767	9.17733e-10	99.0977
8.58084	6.33132	0.516827	6.66954e-10	64.7125
7.07505	-3.16308	0.991691	6.60474e-09	668.222
0.532453	-3.04982	0.712303	2.97956e-09	307.573
-4.39766	3.68114	0.812595	3.65586e-09	385.866
6.3192	-2.61949	0.53471	5.9343e-10	64.5876
-4.16705	-2.93703	0.923765	2.30989e-09	230.899
0.229478	9.49254	0.412685	2.37536e-09	246.318
9.96712	4.07378	0.22245	1.19984e-09	119.379
6.30053	2.52937	0.990672	8.17462e-09	811.977
4.08228	7.616	0.266967	1.88893e-09	192.252
5.55147	9.95324	0.937352	1.44499e-09	144.038
1.72299	8.97064	0.529198	2.58093e-09	263.41
0.230833	-0.701314	0.382081	4.50403e-09	461.849
0.707186	-0.696942	0.811318	1.76907e-09	190.124
-5.08946	-3.56159	0.103824	2.84326e-09	285.853
7.94348	-5.33307	0.918624	1.69139e-08	1733.05
-8.03919	7.82321	0.888902	1.33684e-09	141.79
-4.75536	4.4247	0.347375	5.37148e-09	559.436
3.74715	2.58758	0.701065	9.58156e-10	99.8895
0.403032	0.126421	0.532856	1.7017e-09	172.393
1.52226	0.104767	0.61605	6.98681e-10	74.9827
3.92258	7.87076	0.174782	1.03616e-09	105.968
4.03931	8.96717	0.223245	1.75002e-09	171.44
8.76067	7.82316	0.974761	3.93905e-09	399.262
-0.345498	4.5967	0.54672	2.32677e-09	232.528
1.95436	8.01422	0.230626	1.30732e-08	1347.06
-0.171544	-7.75638	0.657662	2.15396e-09	228.645
2.79913	5.0269	0.867897	1.00634e-09	114.455
4.11523	-9.55977	0.79591	1.34104e-08	1361.22
0.216455	0.130742	0.951258	1.19572e-09	134.082
-9.20622	3.82752	0.053932	5.17158e-09	521.85
-4.2526	-4.49507	0.340841	1.90628e-09	200.685
7.63021	-7.22396	0.506389	7.48978e-10	79.7785
0.21609	7.36946	0.690746	1.87197e-09	200.574
0.403201	9.98911	0.52017	1.15999e-09	116.252
-1.62641	0.488653	0.518512	5.13594e-09	528.511
-1.72257	-3.1117	0.371045	6.29268e-09	655.092
-0.319424	-1.06033	0.416298	3.08536e-09	314.422
-2.03066	6.02572	0.837885	4.83774e-09	511.942
8.88902	5.5906	0.988549	1.91954e-09	196.36
-0.586959	1.86184	0.891034	1.17896e-09	125.026
1.61752	-5.59113	0.894197	1.47704e-09	150.063
-2.06027	-5.2397	0.268294	2.66228e-09	270.232
6.29729	-5.86905	0.831868	2.55097e-09	258.53
-4.69215	-0.65939	0.0995106	2.1794e-09	231.003
7.84752	8.93302	0.363034	5.05576e-09	522.15
8.68426	8.70155	0.638444	7.74485e-10	81.2648
-6.36151	7.32822	0.721083	1.2608e-09	135.656
8.04389	5.37326	0.319824	6.11221e-10	72.0725
1.93149	9.82124	0.84961	1.04182e-09	109.123
0.251899	6.80413	0.302529	5.90101e-09	584.699
9.21794	9.76133	0.418826	1.65742e-08	1691.96
6.81925	-3.66515	0.439429	4.69971e-10	51.453
7.2183	2.14744	0.960092	4.38219e-09	458.969
8.43404	4.18981	0.807618	1.26665e-09	130.897
-9.46498	-4.01702	0.568586	7.34924e-09	743.245
-1.23766	7.85825	0.433565	2.6169e-09	274.917
-2.59351	7.62976	0.123283	8.27307e-10	90.5962
6.09523	4.36964	0.927304	4.69182e-10	47.2286
3.9619	7.0685	0.862247	3.19888e-09	340.746
5.16184	8.95667	0.209815	7.66327e-09	785.478
9.19122	4.81898	0.436583	4.93474e-10	51.8904
-3.50479	-4.17837	0.612896	3.99596e-09	395.511
-1.41117	6.44056	0.489753	2.79299e-09	285.267
4.17866	-5.60764	0.901354	3.75654e-10	45.0901
-6.61293	3.4509	0.572238	4.46429e-09	463.186
1.33299	-3.09252	0.449691	1.20801e-09	123.13
-7.13302	0.140216	0.636505	5.27051e-09	556.179
3.28615	0.947677	0.272994	1.74801e-09	189.82
-1.52919	-0.462429	0.167703	1.27202e-09	134.962
7.98727	8.31953	0.591955	1.84071e-09	194.938
3.76254	-5.38695	0.60891	2.15253e-09	225.058
-0.256547	0.0111917	0.535237	6.48151e-09	650.291
0.595155	-0.364004	0.493826	1.87362e-08	1905.25
4.06954	2.81942	0.210614	3.07133e-09	318.43
-7.06184	8.89179	0.675957	8.14282e-09	844.903
-1.66797	-7.51881	0.990003	9.5062e-09	983.944
2.92771	7.57743	0.285073	7.39679e-10	85.1644
-8.50813	-8.89405	0.336208	4.22433e-09	438.866
6.03597	4.87769	0.641369	4.78172e-09	479.024
6.00257	4.93505	0.414598	3.97713e-09	408.94
-4.64954	-8.29296	0.638127	2.18482e-09	218.262
5.90478	3.22664	0.615892	6.86325e-10	72.5527
-4.81142	-7.39586	0.37714	5.12646e-09	521.996
1.70103	-2.54578	0.419679	2.08496e-09	216.1
2.02227	-0.214462	0.510215	6.43323e-09	656.668
-9.86838	-6.95178	0.433699	1.00304e-08	999.506
8.30881	2.03673	0.734528	1.92446e-09	189.734
3.24638	7.43231	0.856922	8.04521e-10	76.3283
4.51898	7.83421	0.533515	1.41431e-09	142.638
6.27593	3.62522	0.88514	1.62635e-09	171.054
8.69026	7.30624	0.44127	1.7019e-09	177.456
4.38548	7.83686	0.216102	1.63373e-09	181.465
0.0486455	-1.93468	0.268471	9.77924e-10	105.915
8.54609	3.53558	0.444941	3.53364e-09	382.323
-3.94721	8.29998	0.836986	7.42684e-09	792.362
1.39432	5.43673	0.757951	2.82599e-09	299.388
7.58408	8.47223	0.487025	2.66559e-09	268.295
5.36626	6.6205	0.903441	2.22511e-09	227.246
1.36833	9.0212	0.793629	2.62418e-09	268.206
-0.49825	8.79392	0.049679	5.9568e-09	613.033
7.85595	2.06916	0.566922	3.14915e-10	35.9768
-9.27602	-9.971	0.165399	5.11196e-09	502.789
8.73189	8.67146	0.948386	2.05251e-09	209.87
3.44895	2.69847	0.699462	2.8221e-09	285.761
6.96606	-7.59428	0.582382	4.501e-09	467.273
5.16907	-1.50542	0.554706	2.88668e-09	289.787
2.71301	-1.42884	0.592192	1.84544e-09	183.389
7.33323	-3.8985	0.415766	4.57436e-09	463.623
3.40741	5.41759	0.07322	6.91019e-09	717.606
2.554	7.56254	0.300294	1.4196e-09	158.428
0.599271	2.00222	0.506276	1.55078e-09	159.315
7.43799	4.24777	0.74214	5.98545e-10	61.0106
4.52402	-4.83491	0.630941	1.29295e-09	136.222
3.62169	7.08263	0.597601	1.92306e-09	189.835
1.96258	-4.14765	0.884109	1.81995e-09	181.891
4.70388	-1.80462	0.903022	8.05213e-10	70.3004
0.110624	-1.26044	0.710777	1.71914e-09	170.471
-6.049	-0.646607	0.915775	8.44396e-09	883.015
1.40056	-0.73352	0.420868	2.43988e-09	253.943
6.16272	-0.370813	0.603154	2.53265e-09	263.872
-9.73832	-6.56944	0.903022	4.21166e-09	415.678
9.24698	-8.95427	0.0785502	1.05786e-09	108.199
2.64334	-3.68348	0.238007	2.92538e-09	297.005
0.332142	-2.26527	0.90178	5.96222e-09	613.45
-0.251105	0.0988285	0.665498	1.62459e-09	177.876
2.10563	1.84609	0.0585451	9.87549e-09	1015.41
4.74669	9.51297	0.799452	8.72083e-10	89.97
8.55969	-4.40682	0.730458	3.04137e-10	31.6097
6.04725	-0.25846	0.854826	1.226e-08	1279.43
-2.25339	8.84865	0.804431	2.45029e-09	246.33
3.29688	-4.65475	0.745731	6.04605e-09	647.227
-7.07271	4.19545	0.97459	5.89748e-09	595.623
9.37992	7.24112	0.797829	6.77331e-10	69.5402
5.80951	-0.271312	0.708921	6.41962e-10	62.2531
1.29195	-2.74418	0.756879	2.30743e-09	244.251
4.74657	4.48705	0.527447	6.49781e-10	65.188
-0.579082	-4.83543	0.625676	1.18613e-08	1214.23
-1.0464	-2.99612	0.466817	5.02478e-09	520.879
4.00844	7.3812	0.907433	1.49226e-09	131.007
0.699418	-0.74654	0.541925	7.88069e-10	83.9917
-9.0035	7.09193	0.237711	4.32484e-09	443.094
8.79036	9.04517	0.295756	5.71239e-10	57.4146
-9.27667	-5.32157	0.959281	3.93378e-09	405.768
9.03744	-1.26334	0.977984	7.26173e-10	77.0661
-1.89649	5.41796	0.896425	1.13996e-09	123.803
8.93574	-3.40873	0.585793	1.00611e-09	95.6292
8.55516	5.42865	0.702597	1.409e-09	147.23
7.27357	7.89378	0.890514	1.51006e-09	161.385
-0.0648711	3.52813	0.295547	1.68276e-09	183.774
8.56142	-3.61797	0.927026	1.6682e-09	160.797
8.74241	-3.69131	0.685505	5.86197e-10	61.5763
-4.25288	-0.0355539	0.833435	1.90788e-09	198.973
4.31482	3.79941	0.359953	1.06135e-08	1096.76
7.0741	7.41856	0.770225	2.52348e-10	28.8397
4.55793	8.75864	0.959352	2.95783e-09	302.503
9.22711	9.01434	0.468465	8.95832e-10	96.6721
-1.81644	2.44477	0.343538	6.10634e-10	58.2288
7.70994	9.9587	0.822104	1.49047e-09	151.623
5.34664	9.32875	0.726576	2.19867e-09	233.221
9.39772	4.1167	0.910345	5.6205e-10	54.9656
7.21092	-6.01304	0.266536	3.26216e-09	339.259
0.795064	-0.85907	0.225671	6.15113e-09	637.624
8.40911	-2.49925	0.629655	3.69209e-10	36.4134
2.17768	6.87898	0.203767	5.56107e-10	58.5889
9.58832	5.02688	0.968424	1.40498e-09	139.396
-4.71979	-3.25973	0.243385	1.47434e-08	1528.53
-0.845285	0.330897	0.295889	3.16691e-09	324.396
-2.00531	9.68652	0.154416	2.0281e-09	206.54
2.54436	-0.749517	0.81437	2.34583e-09	240.05
7.76346	9.77855	0.521437	2.81766e-10	32.7929
9.0269	-1.65967	0.644224	3.55354e-09	356.487
8.93119	6.70063	0.482462	1.76644e-10	21.3966
6.64787	-1.11939	0.126588	7.02907e-10	77.2535
9.49607	-1.57945	0.270766	2.47495e-09	256.892
-0.926021	-1.13287	0.827184	2.03473e-09	210.134
-1.92931	-1.98051	0.307206	3.12229e-09	336.99
-2.3136	7.68186	0.630226	4.5771e-09	456.959
-1.52725	3.36549	0.906078	3.14538e-09	338.149
7.94248	0.183996	0.973057	2.51062e-09	255.295
-3.22211	-0.00113067	0.609516	2.05425e-09	213.048
5.33251	9.78513	0.47755	7.94494e-10	89.8607
-8.80498	4.88417	0.786409	1.83225e-09	185.435
-5.42114	-2.74951	0.688591	7.20386e-09	744.24
5.0874	8.2442	0.434001	8.47006e-10	92.0317
-1.45796	1.40531	0.756178	9.81558e-10	112.952
6.44791	-4.27496	0.771498	8.63218e-10	92.4804
9.84063	4.81232	0.192399	2.66737e-09	266.384
6.82476	5.92944	0.720409	9.25624e-10	100.086
-0.0952212	-0.140428	0.300272	2.88358e-09	295.547
8.98171	-9.08065	0.834987	3.99651e-09	423.327
1.22095	5.98835	0.728733	5.02562e-09	531.465
-3.15722	2.36644	0.285664	2.13859e-09	220.384
-0.206098	3.18355	0.656504	3.47006e-09	352.114
6.38901	9.45453	0.895195	3.64224e-09	360.271
2.51163	9.61415	0.355631	4.2198e-09	434.407
2.61283	-9.26159	0.937966	1.5648e-09	158.87
7.22958	0.892036	0.646515	1.62647e-09	161.203
5.8972	4.00615	0.283409	5.45991e-10	51.8929
6.21448	7.09991	0.808788	3.85405e-10	40.5605
9.85215	0.246037	0.0577867	1.18447e-08	1210.8
8.05601	4.10839	0.739542	7.52065e-10	78.6736
-6.54347	3.31401	0.302437	8.77815e-09	913.383
-2.45706	7.78145	0.598327	4.32548e-09	444.054
9.24291	-7.37186	0.993036	3.91456e-09	407.397
-6.2527	-8.90362	0.190319	1.07253e-08	1097.7
1.01185	-0.681224	0.34709	1.8333e-09	178.765
9.69376	-2.48458	0.0967982	4.87572e-09	501.629
-0.120287	3.90451	0.900818	2.83072e-09	298.557
8.06074	9.36749	0.997114	3.31121e-09	339.106
8.79147	1.61657	0.570404	3.18038e-09	328.946
-4.69839	-4.76221	0.596135	9.72039e-09	1004.06
1.92871	6.53641	0.605273	1.67889e-09	167.849
-7.12338	9.93373	0.911083	1.42859e-09	140.033
9.44771	5.39829	0.638251	6.58283e-10	68.8015
0.311552	2.95746	0.104745	2.82245e-09	294.921
3.26991	9.20962	0.355444	7.70811e-10	79.2435
6.26748	8.10722	0.348676	2.32527e-09	248.981
0.647863	8.69698	0.887791	4.69847e-09	495.136
9.58876	3.91861	0.262121	6.11181e-10	62.0635
0.433424	-0.147138	0.328611	1.85087e-09	178.845
-1.33444	8.40339	0.297484	7.88685e-10	82.5753
-1.33673	1.55001	0.675391	1.07522e-09	111.083
-0.288366	3.40762	0.73975	7.14545e-09	740.62
7.79625	5.91834	0.169492	1.85846e-09	189.208
4.22474	5.62882	0.805527	7.85114e-10	79.9409
6.76015	-0.299067	0.232381	2.26303e-09	225.505
4.58973	8.32734	0.0620853	3.57392e-09	368.76
-2.87421	-9.64601	0.0590918	2.93734e-09	301.251
-8.20853	5.68581	0.736055	4.94802e-09	520.003
5.18647	3.63483	0.747105	4.15951e-10	43.026
8.86882	-1.81251	0.384099	2.30796e-09	233.481
1.37261	0.295252	0.45121	3.09915e-09	319.356
9.15423	3.63164	0.887218	5.04681e-10	49.3246
-1.64881	1.4848	0.617075	3.14234e-09	321.061
-5.65861	9.58857	0.727838	7.2659e-09	757.575
-4.27625	0.659668	0.0600664	6.61842e-09	693.328
7.07067	3.20779	0.393788	1.7459e-09	189.238
4.72435	-4.56666	0.602466	2.80998e-09	282.659
9.98009	-2.84386	0.0777545	2.00384e-09	206.555
1.17102	-0.0800028	0.152584	2.66222e-10	25.6703
5.18596	5.49448	0.202526	6.90205e-10	74.1951
-6.89434	-7.68741	0.659906	1.47497e-08	1532.97
-4.5639	-4.07987	0.0914798	1.65792e-09	168.384
0.305922	9.80835	0.560519	3.19916e-10	34.5849
-3.84937	-5.11043	0.124402	6.43579e-09	662.32
6.07303	-9.22439	0.263184	5.89515e-09	614.771
3.74078	3.86186	0.291219	5.29932e-10	58.0481
-8.38243	4.79314	0.993181	2.36284e-09	245.349
7.16662	5.35119	0.675308	3.21171e-10	31.127
7.24803	9.97297	0.835735	2.06245e-09	206.317
-9.8816	3.95418	0.53622	4.92503e-09	506.785
-5.70417	4.74545	0.448593	6.31347e-09	649.219
5.96753	-2.56314	0.347276	4.35057e-09	443.026
7.5796	6.68171	0.278064	5.03954e-09	537.838
8.27762	0.944129	0.513821	6.04054e-10	58.2963
1.9028	2.31253	0.941172	3.88345e-09	391.916
2.11487	0.779212	0.828423	2.91807e-09	292.361
0.719801	5.64222	0.41708	6.02903e-09	625.363
7.86884	-6.1845	0.595022	4.53644e-09	470.481
-1.98454	5.39491	0.74606	9.31396e-10	92.1295
7.46132	0.20786	0.563905	8.2069e-09	830.647
1.71104	1.03311	0.112704	8.20346e-09	854.148
-8.65648	3.31887	0.650573	4.75369e-09	494.197
-4.98354	4.72454	0.627355	1.63393e-09	171.298
0.0927419	-6.05092	0.252694	9.99907e-10	106.69
9.9317	-0.105784	0.416778	8.18849e-10	76.391
0.272969	-0.517329	0.12152	4.4964e-10	59.1845
9.02758	5.94658	0.487424	6.90518e-10	72.813
7.44147	6.88813	0.812302	1.45494e-09	150.799
9.16707	9.4447	0.528811	4.21732e-10	49.0061
-2.82644	2.35488	0.930707	2.41538e-09	258.967
-4.62356	-0.653389	0.0468453	1.33586e-09	136.109
3.05325	1.42537	0.722711	5.29932e-10	47.5401
7.31869	3.6361	0.589325	8.99279e-10	89.847
-5.55543	-4.60778	0.862402	1.01474e-08	1061.14
-3.39486	5.40946	0.669585	6.64755e-09	690.985
0.206935	1.35614	0.938456	1.08074e-08	1113.18
6.33393	6.6875	0.774199	1.48756e-09	151.825
6.39995	-1.09476	0.354333	4.0168e-09	396.684
-6.13408	8.09235	0.35679	4.42173e-09	461.5
6.40709	9.02097	0.726556	2.89054e-10	34.2191
1.84465	5.64057	0.879176	1.34892e-09	126.659
6.64843	2.673	0.615302	3.53288e-10	36.703
9.91458	-6.54961	0.0601521	2.55331e-09	259.215
9.58919	3.30773	0.243046	3.11579e-10	27.745
-4.86984	8.72969	0.446623	3.01983e-09	310.237
2.07058	8.83601	0.680749	5.45991e-10	60.828
6.37596	4.03971	0.682276	3.05113e-10	30.5693
2.24534	7.70902	0.929936	2.60679e-09	273.253
-0.933186	3.07662	0.551157	5.13874e-10	50.3625
6.27376	8.93958	0.591533	2.41973e-09	254.165
7.49963	0.670348	0.686819	5.98593e-10	54.0338
1.97206	7.00036	0.740936	2.49089e-09	251.908
-9.87707	-6.3809	0.481527	2.59438e-09	261.552
5.50926	9.18056	0.70033	1.88273e-09	202.26
9.38026	7.43897	0.465958	1.12215e-09	113.623
9.89627	1.72575	0.507621	2.00521e-09	206.342
7.93923	6.43703	0.39788	1.64955e-09	184.358
9.84521	1.25964	0.440512	5.61932e-10	58.4095
6.57858	1.40012	0.934869	8.8546e-09	892.551
2.0461	-4.49154	0.835733	2.09848e-09	219.338
8.85827	5.62709	0.57127	9.623e-09	985.13
5.591	1.13444	0.973884	5.60676e-10	57.2857
-5.28087	-5.56202	0.1113	7.38694e-10	82.2057
8.22596	-1.85277	0.896208	3.13107e-09	329.795
-2.96444	5.50287	0.661772	7.10415e-09	695.133
0.873355	-6.58027	0.796959	2.49225e-09	254.602
5.36285	7.1413	0.727855	1.08279e-09	113.825
-1.0311	0.599417	0.724045	4.88364e-09	481.722
1.50889	-1.90447	0.864026	1.51688e-09	158.363
-3.6429	-0.638684	0.573419	4.2592e-09	425.858
9.10224	9.65064	0.689985	1.40642e-09	138.526
-3.86019	2.54802	0.785716	3.80004e-09	397.921
1.90544	-1.2751	0.590981	5.63537e-09	568.555
7.66357	9.65246	0.762724	9.7234e-09	975.538
2.72053	1.21055	0.646206	1.92651e-09	207.934
-8.99096	2.67021	0.444898	7.20127e-10	70.3583
0.0144548	0.358963	0.512383	1.14894e-08	1170.8
9.86268	-4.80348	0.820702	6.30499e-09	654.129
7.58257	1.45945	0.613551	2.96805e-09	314.134
1.40025	8.9262	0.276133	9.78828e-10	109.39
0.230917	6.70064	0.838838	1.28468e-10	14.0839
5.10965	-4.07376	0.107644	6.26284e-10	59.8637
-5.49354	5.96314	0.0727706	2.55505e-09	257.658
8.41323	5.85286	0.153515	4.67342e-09	479.31
1.6198	7.40682	0.413985	6.24216e-10	63.8109
-8.45612	-2.91966	0.65487	2.82693e-09	278.114
-0.759826	-1.08377	0.946126	2.71319e-09	278.087
4.07991	1.58678	0.903247	1.28468e-10	15.7066
1.9859	4.41701	0.874329	4.3088e-09	447.943
2.79366	4.86613	0.182453	7.22635e-10	80.336
6.63312	1.63192	0.851839	3.85405e-10	42.8992
1.23209	4.918	0.944345	3.17069e-09	317.083
3.11231	7.03167	0.625556	3.86216e-09	414.844
8.84414	2.21026	0.650161	1.1881e-09	123.712
1.28887	5.07943	0.87434	2.00732e-09	201.709
9.47624	-3.69578	0.753714	2.03041e-09	204.582
5.33684	-5.90268	0.782809	1.54056e-09	151.293
8.95013	2.52067	0.662814	8.85172e-10	98.7954
-6.7109	6.41033	0.947071	3.79662e-09	393.244
0.157573	0.384847	0.693209	6.97112e-09	709.215
4.43409	-1.82961	0.769018	6.90518e-10	72.668
-3.55323	-9.35073	0.704003	7.70811e-10	75.8883
7.11342	6.61748	0.820815	2.08761e-10	19.978
-5.64789	-2.72489	0.841976	3.68299e-09	370.187
4.68643	7.92443	0.454257	2.49396e-09	255.674
6.6566	7.48308	0.421906	8.99279e-10	95.6851
9.88919	4.59407	0.976616	3.50783e-10	37.8534
9.78688	1.98494	0.65102	7.86869e-10	75.9029
8.45313	5.90224	0.886883	3.28971e-09	345.642
8.96371	9.77233	0.613508	1.19625e-09	113.151
9.29559	2.25728	0.214768	1.16004e-09	124.119
7.54318	-1.38879	0.999831	5.23952e-09	534.848
9.4249	7.51157	0.800402	1.27566e-09	129.46
9.67798	7.44155	0.99361	4.65698e-10	42.5731
6.03445	3.47277	0.78345	3.85106e-09	381.096
-0.876591	6.63209	0.639742	8.01265e-09	815.882
1.16001	-0.218721	0.538356	2.92943e-09	304.891
5.05247	-2.55183	0.92533	1.03908e-08	1074.71
5.38503	4.55561	0.451569	1.78239e-09	176.359
3.63964	0.720901	0.588386	1.92703e-10	15.7911
7.29539	-9.93241	0.557473	5.61592e-09	576.391
0.753069	-1.88872	0.335272	2.09024e-09	231.25
-8.23542	9.17177	0.537031	3.11024e-09	316.943
9.36791	-0.2218	0.423863	6.42342e-10	63.5337
5.67217	7.99934	0.855199	5.78108e-10	63.2568
9.56523	-3.65937	0.314574	1.33267e-09	131.818
3.16628	0.82861	0.978639	6.30465e-10	71.5233
-6.07275	2.38883	0.928957	2.74877e-09	276.157
5.67343	9.43441	0.761379	8.50197e-10	93.1784
6.42526	-2.53401	0.512643	1.19689e-08	1202.52
9.29489	-3.34345	0.575013	2.27177e-09	228.763
6.81437	8.91824	0.615629	5.45991e-10	55.8654
-3.99791	-0.813889	0.707952	3.42871e-09	353.134
8.6464	9.54677	0.589925	1.1609e-09	122.585
7.82792	8.77835	0.693463	4.17862e-09	433.661
-2.49694	7.28511	0.973504	1.73919e-09	170.134
-8.81313	2.52452	0.655038	2.63179e-09	267.942
-2.08583	9.65121	0.927136	7.07411e-10	79.3844
3.54572	1.86365	0.122246	1.25772e-09	134.556
-0.250993	0.866041	0.0873595	3.30153e-09	336.188
0.113534	-0.249029	0.307433	1.62191e-09	173.167
-4.27698	9.40622	0.0984802	6.99685e-09	698.958
5.23384	4.68096	0.725841	1.92703e-10	21.3994
7.55608	-0.867353	0.627507	2.56937e-10	26.7326
9.14581	-4.21234	0.985155	3.02446e-09	312.63
0.901767	7.81786	0.623933	2.0256e-09	206.136
-0.0733153	3.17541	0.658052	4.69316e-09	496.413
-8.52509	7.83783	0.820269	1.87439e-09	194.599
0.770114	1.6395	0.684446	5.06989e-09	520.561
4.30125	8.56155	0.820419	1.28432e-09	121.277
6.041	4.20505	0.444281	1.24413e-09	130.856
-0.0567052	3.18188	0.741834	2.62711e-09	277.037
-0.31261	-4.5978	0.711471	4.99318e-09	502.72
-0.538227	8.1556	0.979693	9.78367e-09	1014.39
-0.419746	6.51669	0.905527	7.54752e-10	77.4706
8.77407	6.29941	0.876734	2.72995e-10	27.5097
-0.427595	-3.12445	0.170323	1.10987e-08	1156.26
0.658257	6.93504	0.740132	2.2482e-10	25.0915
3.09514	3.33576	0.79735	8.51104e-10	86.0708
8.20969	6.23817	0.77664	1.12854e-09	114.909
2.77041	8.73413	0.00892504	9.30984e-10	108.784
2.07646	6.13104	0.356855	1.12659e-09	109.839
5.27387	-0.342081	0.862915	4.34892e-09	443.884
6.10311	9.93282	0.743918	6.00049e-10	64.8014
0.12071	-2.84571	0.906963	7.44103e-09	752.979
-3.47509	-0.337722	0.0286821	1.34933e-09	128.32
4.29803	-4.50612	0.905437	2.2914e-09	231.081
6.93673	3.85913	0.846395	8.67162e-10	86.3886
0.206979	2.84549	0.844439	1.57247e-09	163.428
-3.21155	-0.385686	0.656787	3.11347e-09	321.8
2.58283	-2.17457	0.0501188	8.1022e-10	81.9743
4.45807	-0.0377231	0.902504	1.18833e-09	120.487
-8.40918	-6.18553	0.323014	1.68215e-08	1733.98
7.50206	-2.55492	0.645895	2.4053e-09	249.725
-2.29498	8.27769	0.910533	4.83363e-09	489.095
4.57651	6.46059	0.488213	2.40878e-10	27.8073
3.74665	7.04996	0.811451	4.68482e-09	489.481
-1.15848	-1.18238	0.700149	1.46336e-09	158.443
1.38858	4.05274	0.249556	9.46224e-10	95.3163
-9.0318	-1.27066	0.990099	3.21748e-09	329.046
4.43206	6.07354	0.96192	4.4964e-10	45.1952
-5.92153	-9.67657	0.756134	4.74362e-09	500.938
0.714925	0.0270785	0.0977391	1.45092e-09	142.737
4.23299	7.14138	0.733804	3.29084e-09	339.865
2.636	0.879966	0.726107	5.94167e-10	58.6258
0.873595	6.3914	0.76533	2.11288e-09	213.864
7.00143	-1.6138	0.275598	1.34634e-08	1342.75
-7.2477	-3.23141	0.344972	6.56126e-09	666.404
2.14464	-0.881737	0.416486	9.7028e-10	104.031
-0.823762	1.13951	0.317289	3.97757e-09	399.724
9.64411	-1.8257	0.406795	2.89054e-10	33.4787
-7.96425	1.13178	0.436958	3.77863e-09	431.295
7.5613	2.95782	0.764805	5.29932e-10	61.4699
5.61776	5.20442	0.591703	2.20002e-09	237.897
4.00241	-4.49057	0.541255	1.10617e-09	118.937
6.40633	0.16976	0.588335	4.10469e-09	416.433
7.9914	-3.43136	0.288574	7.86869e-10	77.9661
7.3936	8.24332	0.634946	7.81726e-10	81.9282
9.64838	-2.5649	0.311918	9.18554e-09	930.13
2.68592	-1.1844	0.659943	5.77596e-10	67.4464
3.68018	5.20025	0.856437	4.4964e-10	51.2673
8.27919	4.16771	0.674191	3.53288e-10	31.7831
6.78542	-6.68967	0.179505	2.19368e-09	234.718
7.60144	8.27739	0.704364	1.20581e-08	1267.48
-6.36289	1.07606	0.331107	1.32985e-09	131.085
8.13963	4.52879	0.513059	6.8645e-09	696.079
0.00359323	3.91851	0.826823	7.84571e-10	88.2162
0.0941855	0.156862	0.541627	6.10225e-10	64.0985
6.52042	-6.02912	0.979474	1.29805e-09	124.936
3.38844	-1.32524	0.17988	7.76572e-10	81.2695
8.88347	5.93604	0.954339	2.2482e-10	20.88
4.99032	8.45278	0.520246	4.4964e-10	42.4337
7.5768	8.57375	0.512967	3.85405e-10	40.1997
-2.63064	8.86096	0.00825658	2.94707e-09	312.813
7.95435	1.22891	0.965622	2.56937e-10	30.4049
5.71376	4.50477	0.237335	2.11973e-09	222.414
7.13673	-9.70708	0.0387344	2.4956e-09	254.403
4.28701	7.18192	0.804575	8.17101e-10	80.1706
7.68065	4.45515	0.334703	9.63513e-11	10.78
8.24112	-3.72797	0.89819	1.3442e-09	134.365
8.01073	8.4171	0.985551	6.09735e-09	623.838
7.81003	-0.961943	0.792023	2.18725e-09	218.795
3.00931	1.23821	0.965769	5.29932e-10	52.4567
-0.211649	-7.48132	0.401698	1.18671e-09	115.296
7.72602	8.05581	0.405498	1.22657e-09	124.071
0.349393	0.0123524	0.916574	1.48281e-09	161.867
1.74541	-1.06199	0.361048	1.99739e-09	208.743
7.77809	6.19621	0.767669	1.92703e-10	21.6432
2.23357	9.67853	0.59765	3.97632e-09	400.539
8.26627	-0.960503	0.661355	1.45172e-09	148.596
1.37626	0.242697	0.901059	4.58466e-09	472.735
-5.04799	-7.5532	0.919892	3.0552e-09	319.034
-7.26357	9.48162	0.044744	2.77663e-09	285.008
-8.44563	3.7961	0.933305	4.61934e-09	473.587
6.86302	1.35994	0.750469	1.50921e-09	146.553
9.50521	-7.41662	0.0676994	6.94988e-09	694.455
1.79659	-1.70834	0.999186	3.46925e-09	352.359
-0.939485	0.147472	0.00924117	6.74011e-09	687.674
-4.2233	-0.367162	0.104124	8.35045e-10	81.1474
-5.09102	5.6342	0.256425	2.30926e-09	213.655
-8.45523	6.16067	0.42071	1.8683e-09	215.408
5.34925	-5.04471	0.770338	2.19875e-09	221.885
5.23119	0.616047	0.942703	1.86623e-09	189.419
-0.612513	-0.580603	0.551081	8.54969e-09	871.563
-9.95424	3.08048	0.48818	3.34608e-09	337.461
7.81744	6.77875	0.427148	3.53288e-10	31.266
9.78805	2.5	0.890621	1.44527e-10	19.0845
4.35556	0.874835	0.859222	8.02928e-10	78.1675
2.87345	-4.15476	0.548177	6.10225e-10	54.8574
5.69685	4.4992	0.735386	3.21171e-10	31.1609
9.01353	-1.1759	0.667684	3.53288e-10	32.2302
-7.66018	-1.15007	0.0147588	3.82906e-09	393.967
8.79223	8.99087	0.626515	2.89054e-10	26.6755
3.45542	9.08139	0.845446	6.42471e-09	655.365
4.64326	-1.77947	0.176023	8.99923e-09	937.445
1.50262	-1.28595	0.58247	9.88086e-10	98.4796
1.89437	7.80094	0.656016	6.57315e-09	666.194
2.27106	-2.10634	0.824091	1.07592e-09	106.779
5.78957	-3.76596	0.808744	2.76574e-09	291.915
-0.835166	7.13169	0.616526	1.44527e-09	154.652
-2.99697	8.64084	0.536089	9.63513e-10	101.452
7.34974	6.36224	0.779216	5.83125e-09	630.286
8.99111	-6.42473	0.895546	2.50158e-09	257.715
2.9813	6.95408	0.870051	2.33905e-09	238.418
1.007	0.261548	0.936896	1.63115e-09	165.395
3.90016	-4.32444	0.98177	2.74015e-09	280.742
4.6656	1.6923	0.201734	1.76644e-10	21.5493
9.33755	7.68071	0.983416	3.03267e-09	306.413
1.51419	0.362815	0.768561	9.44296e-10	98.0441
6.82521	7.40974	0.340687	3.85405e-10	31.5438
5.32805	3.91975	0.784914	7.06577e-10	77.309
2.54292	4.30297	0.505266	1.95365e-08	2000.68
8.46244	3.28059	0.939217	1.44527e-10	14.9011
9.14792	7.37596	0.81946	1.53302e-09	162.929
5.61262	6.1378	0.906503	1.28468e-10	15.5786
4.03178	6.90375	0.533668	3.05113e-10	33.4814
8.59068	0.984212	0.438008	1.76644e-10	16.4811
6.56847	3.38483	0.182215	3.69347e-10	37.6028
5.52275	6.42626	0.544772	9.79572e-10	102.665
-0.867554	6.70278	0.528968	4.9561e-09	506.295
0.591657	9.90919	0.658035	4.88615e-09	503.702
-1.31583	0.449412	0.477417	7.58897e-10	77.3015
1.02717	8.57573	0.400976	1.5898e-09	170.79
1.9866	-0.0645216	0.88253	4.4964e-10	45.8123
9.70381	9.104	0.857997	2.15201e-09	215.856
1.78637	-0.358382	0.96721	1.23782e-08	1279.22
8.05205	8.66975	0.0322999	8.32311e-10	90.2592
-7.106	-7.98929	0.717028	3.14702e-09	322.528
-0.519415	6.01842	0.58407	3.69347e-10	46.6975
4.59908	-9.0815	0.318514	1.57166e-09	173.501
-5.79338	9.31714	0.223589	2.24889e-09	240.296
6.27079	5.06158	0.891696	3.13248e-09	312.697
0.0886742	4.6831	0.193854	4.01464e-10	40.5039
8.4356	-8.10809	0.0901534	4.12988e-09	423.535
8.8517	-7.35458	0.254482	6.58401e-10	71.2024
-8.62406	3.95772	0.339972	5.82685e-09	582.333
3.3191	9.54966	0.0697738	9.3753e-10	97.1588
7.07837	9.14179	0.703836	9.95631e-10	95.1284
-6.66673	-4.61561	0.476405	1.29994e-09	132.632
9.98181	1.87349	0.971991	1.18573e-08	1215.54
-2.7336	1.86218	0.997985	2.59345e-09	261.27
-2.67982	-7.68309	0.635679	3.15919e-09	324.018
-6.743	-5.67003	0.189864	4.67325e-09	464.77
6.01667	2.64464	0.724706	8.02928e-11	10.4421
9.75245	8.44724	0.673161	2.2482e-10	23.7796
-5.86176	1.84443	0.797582	2.57574e-09	270.97
6.12896	1.11902	0.620007	1.00575e-09	100.244
6.56282	-9.37491	0.881221	2.33847e-09	227.084
2.22025	8.03522	0.282457	1.6285e-09	168.035
-6.37235	-6.31625	0.682406	8.93634e-09	910.735
4.96525	7.48743	0.854167	2.11531e-09	217.315
5.7491	-9.08398	0.954541	4.37266e-09	445.303
8.36105	-1.49869	0.921863	4.97815e-10	53.7183
-3.25767	3.02828	0.174701	2.35508e-09	238.286
7.16696	6.73636	0.270741	1.49544e-09	164.588
9.59372	4.76809	0.720543	9.14469e-10	90.9665
6.52828	7.90584	0.709088	6.90518e-10	71.3955
6.73173	1.05939	0.909399	5.72555e-10	65.9946
8.30866	1.79377	0.474123	8.02928e-11	9.614
6.1889	3.12642	0.660332	2.72995e-10	32.9346
7.30289	5.43123	0.912675	1.44527e-10	14.4909
9.55718	3.13931	0.510566	2.56937e-10	28.0617
7.44494	0.100231	0.29293	5.04424e-10	56.4186
5.236	-0.208621	0.457297	2.08761e-10	26.8278
8.74296	-5.78455	0.969157	2.32382e-09	234.679
7.2363	9.53609	0.388089	2.56937e-10	26.3573
-0.799958	-9.25261	0.328112	6.74459e-10	72.5427
1.24127	2.87471	0.865683	5.5563e-09	553.461
-0.88532	5.26096	0.980859	2.44914e-09	265.935
1.7839	-6.75803	0.932178	5.57732e-09	557.493
3.47505	9.35411	0.00133771	3.2901e-09	351.469
8.87835	-2.80313	0.495028	3.64679e-09	371.08
-3.1396	7.79362	0.434225	1.15854e-08	1189.75
-1.67289	-3.31595	0.273117	1.96227e-09	190.802
8.08592	-1.82993	0.303931	4.81757e-10	48.8226
6.5773	-1.81809	0.895477	1.16035e-09	112.159
3.83982	8.56001	0.768745	4.53708e-09	470.79
8.28786	9.46475	0.524566	5.94167e-10	55.2644
-5.25422	-1.16012	0.703703	3.6058e-09	379.9
-4.3044	6.65916	0.926908	3.05469e-09	317.361
4.97726	9.20556	0.478009	2.2482e-10	22.3178
0.87161	2.40201	0.718449	1.0183e-09	101.775
-4.99645	-2.90844	0.373074	5.33168e-09	555.516
3.33139	6.49693	0.446794	8.32644e-10	80.1263
8.70709	6.34194	0.558071	2.08761e-10	18.9057
9.48324	5.40971	0.479886	2.40878e-10	26.1074
-6.39617	9.53452	0.380735	3.94852e-09	408.949
9.20656	9.19493	0.385448	2.78896e-09	285.686
2.86357	-3.98719	0.179743	6.46907e-09	673.788
2.62706	0.13639	0.130594	3.45488e-09	356.019
-4.98524	-6.27718	0.758062	3.07094e-09	314.541
9.34522	9.16161	0.0618164	2.2482e-10	26.034
0.210839	0.208809	0.826004	1.71934e-08	1738.72
-2.83889	-1.5438	0.840582	1.47739e-09	149.641
6.46071	5.33511	0.784377	9.47455e-10	86.536
1.83769	0.679502	0.924986	8.18986e-10	81.9746
5.42822	3.80696	0.155341	1.1241e-10	12.6135
2.26509	4.18848	0.57247	1.91399e-09	198.181
6.86572	5.58797	0.753247	1.37013e-09	137.983
2.71568	7.89369	0.913623	8.72882e-10	92.7289
2.91314	0.272823	0.827181	2.89054e-10	25.5671
7.31317	4.98441	0.339754	3.05113e-10	31.6728
-6.80944	4.11569	0.311641	5.29932e-10	58.9482
6.29432	9.91524	0.134641	1.34892e-09	128.079
-6.57238	-0.366514	0.684739	1.3168e-09	133.89
3.80189	-0.196479	0.788358	3.66585e-09	399.533
5.94658	5.42655	0.241557	7.19825e-10	75.7517
9.81567	7.40791	0.352498	2.72995e-10	36.1088
-9.18436	-1.24058	0.0924933	3.55919e-09	369.281
-3.59068	-2.20584	0.847414	2.24523e-09	231.397
0.866281	3.80197	0.996442	3.15548e-09	331.705
6.26953	-1.97504	0.892857	4.29937e-09	437.457
-3.73667	6.70331	0.776138	2.17334e-09	217.121
-4.61605	1.16107	0.557214	1.15188e-08	1175.72
2.8334	8.86736	0.933923	4.65698e-10	56.2748
5.81085	-9.95786	0.532125	9.02649e-09	924.782
5.24253	4.69906	0.498466	2.82706e-09	274.923
9.56322	2.14957	0.671566	3.96377e-09	391.44
2.44891	6.80983	0.68956	9.63513e-10	98.8367
0.330297	-6.88919	0.428256	9.80611e-09	1011.58
-9.68376	8.80646	0.751711	6.32033e-09	628.212
-3.23863	3.76532	0.0906617	1.98269e-09	209.86
2.67143	-3.84996	0.980551	6.09387e-10	56.8417
-1.40869	9.37158	0.701669	2.89068e-09	312.939
1.78891	1.99449	0.119211	2.12403e-09	218.242
9.46845	8.09404	0.808284	9.37927e-10	93.0535
6.35496	2.02206	0.445274	2.08761e-10	23.5813
-4.54514	1.92672	0.752652	3.21234e-09	323.995
7.50783	-7.31634	0.797309	3.17241e-09	335.92
6.4634	4.30063	0.141235	2.52463e-09	248.486
8.62889	-5.07012	0.176128	5.34364e-09	562.677
4.87209	9.31292	0.584216	1.32158e-09	131.202
-0.558674	2.90628	0.414067	1.8446e-09	197.768
7.46164	-2.20757	0.152078	3.85405e-10	35.4184
0.997549	-0.947608	0.795162	5.6205e-10	66.3267
4.96725	8.57617	0.71496	4.17522e-10	43.1461
6.213	4.23649	0.510665	3.3723e-10	36.3712
-1.09243	3.86818	0.294912	1.70629e-08	1745.47
-7.14213	-8.22372	0.401388	1.21964e-09	135.021
-9.45237	7.82383	0.621319	8.63322e-09	899.188
0.494405	-8.6758	0.326671	2.90265e-09	298.935
8.78742	6.40474	0.568035	2.89054e-10	30.9369
5.08892	3.84317	0.512545	2.10342e-09	221.559
1.41432	1.12401	0.0772244	7.62237e-09	777.676
6.24106	7.29132	0.334824	1.30551e-09	131.155
-9.27918	0.40032	0.597075	3.89522e-09	406.366
5.64728	-4.49924	0.255947	2.48288e-09	254.143
-9.88806	2.86028	0.910516	3.49176e-09	364.91
3.29805	0.943248	0.173196	1.76361e-09	183.874
6.10442	6.39598	0.102658	1.18833e-09	123.728
6.30234	2.2595	0.516424	3.05113e-10	30.7397
9.41774	-3.43803	0.551419	1.01169e-09	109.785
7.6331	-0.815064	0.658972	6.26284e-10	66.1074
5.45823	2.87545	0.741105	1.76644e-10	15.5297
7.09721	7.83471	0.282172	3.85405e-10	33.9239
0.973634	-5.84157	0.838239	4.62962e-09	459.708
7.26565	4.19857	0.0447968	3.48112e-09	355.23
7.85342	6.87288	0.166473	1.92703e-10	21.519
9.27931	7.37954	0.201665	1.76644e-10	17.639
2.68085	-6.66676	0.445079	2.53888e-09	259.589
8.89085	8.12478	0.9904	3.3723e-10	37.1293
8.13608	3.78667	0.925242	2.89054e-10	24.5811
0.300731	2.49297	0.697725	5.6205e-10	57.1438
-0.870952	7.26862	0.6168	7.19986e-09	717.537
-5.78751	7.47042	0.624382	5.21582e-09	524.069
1.26044	-6.13662	0.35636	6.74459e-10	76.5822
7.62303	1.40179	0.646767	1.60586e-10	14.9871
7.74554	6.46022	0.183358	3.21171e-10	31.6498
-0.0634324	-2.59947	0.74547	1.73218e-08	1781.56
3.33359	8.43896	0.981208	2.85446e-09	292.435
-8.82947	8.08375	0.506409	7.07396e-09	737.102
0.461038	1.32492	0.583283	3.17743e-09	338.131
3.81767	-7.6309	0.834931	1.07484e-08	1108.38
3.60377	7.47463	0.837364	1.0795e-09	106.542
6.72829	3.65285	0.655219	6.90518e-10	57.8729
1.31541	1.35037	0.948285	2.08761e-10	27.2472
-8.80899	4.99886	0.972771	6.72469e-09	689.88
9.98491	5.35885	0.751781	4.81757e-11	7.24262
2.11536	1.60929	0.99896	1.49345e-09	150.614
2.66408	5.94649	0.322844	2.93893e-09	302.642
4.16353	8.58201	0.796753	6.28059e-09	658.17
-3.66109	-1.75743	0.478224	4.01464e-10	47.8861
7.55451	-2.70622	0.912278	6.40443e-09	661.207
3.64294	7.84741	0.343035	3.24884e-09	315.753
-7.1964	-1.15187	0.374654	7.47522e-09	779.98
7.35884	4.17673	0.539609	1.23452e-09	122.284
-2.93966	-1.7071	0.740058	4.79335e-09	488.53
8.73225	8.83476	0.706258	7.22635e-10	76.5288
-3.15528	2.58344	0.0910424	6.10225e-10	68.3973
-4.24881	-0.377777	0.433821	3.04658e-09	325.119
-1.15166	6.21035	0.483284	1.49345e-09	157.444
-8.03567	9.16965	0.601488	4.55401e-09	464.608
1.91959	4.92523	0.355435	1.26863e-09	124.176
8.70049	7.67464	0.783431	1.23974e-09	130.623
8.95298	-0.933849	0.935109	6.1538e-09	636.507
8.86448	5.10311	0.555519	3.05113e-10	32.559
1.58643	8.64737	0.426957	2.05877e-09	211.221
9.23617	5.31967	0.613123	2.67369e-09	275.295
8.82716	4.71645	0.871554	2.57864e-09	265.856
-9.8914	7.37595	0.683206	5.37016e-09	546.125
-1.48477	-2.67716	0.46009	4.6364e-09	462.02
6.95612	2.40953	0.8027	2.2482e-10	23.7988
8.06477	1.38246	0.359374	1.02775e-09	103.577
-2.32313	-5.19835	0.00284025	8.17997e-09	840.097
1.93602	0.720018	0.868149	3.94261e-09	392.301
9.41773	0.222609	0.865825	2.72995e-10	26.5808
3.05829	3.52129	0.291356	6.58401e-10	66.9701
-1.14042	-2.14809	0.635096	5.39789e-09	558.384
-2.80885	6.02572	0.852489	1.49345e-09	154.884
0.815288	9.7786	0.553292	2.13271e-09	217.416
-1.66345	-7.9227	0.287152	6.1406e-09	621.13
-6.56119	-9.98843	0.777728	4.13033e-09	416.553
3.64548	6.9505	0.499656	1.13422e-09	122.157
-0.41973	1.91309	0.914449	4.94686e-09	510.331
8.75883	6.02045	0.585006	4.17522e-10	41.1359
-0.747003	-0.240537	0.973891	4.08548e-09	407.277
-0.421807	0.0909768	0.550857	8.88783e-10	101.96
-0.221524	-2.91942	0.49091	1.39709e-09	146.761
3.97623	-1.82487	0.928765	1.20846e-09	123.462
8.85557	8.61173	0.844319	3.53288e-10	32.6666
7.84451	-6.09475	0.278432	8.18986e-10	82.0481
4.14971	2.90578	0.882124	2.36702e-09	253.18
2.31138	4.48144	0.781023	6.58401e-10	64.2113
-1.70283	-0.56652	0.477016	5.51561e-09	571.899
0.409939	7.5365	0.899851	5.13874e-10	47.5814
9.4846	7.77817	0.833422	2.89054e-10	29.3342
7.29164	6.02402	0.546457	8.02928e-11	7.93636
6.06019	2.01273	0.680749	4.81757e-11	6.46714
-1.52103	2.38304	0.887373	3.0364e-09	318.784
-3.7009	3.22561	0.983238	2.56937e-10	29.7312
8.05961	6.98201	0.426193	5.13874e-10	52.7614
2.21364	-5.75697	0.941353	5.60657e-09	582.14
1.33034	5.29004	0.898251	1.95151e-09	199.057
7.69183	4.50462	0.738461	8.02928e-11	9.35478
-0.0607542	0.64998	0.564569	4.81757e-10	46.308
5.67951	5.86806	0.830975	3.53288e-10	33.9712
8.07719	9.4163	0.814111	5.45991e-10	52.5106
9.2523	5.52811	0.648647	6.85633e-09	697.213
9.16509	8.10377	0.601539	2.2482e-10	25.9318
1.39273	0.89805	0.648559	1.71288e-09	167.285
-2.40292	5.3131	0.999573	1.15546e-09	112.745
3.51364	1.00792	0.706675	6.68794e-10	70.1024
0.0931959	5.95909	0.881774	2.05062e-09	207.932
4.93687	6.27398	0.72064	4.30937e-09	430.337
3.14618	8.02814	0.308627	2.88038e-09	299.309
4.2228	1.06376	0.829516	1.28468e-10	13.467
9.25603	4.55609	0.839269	3.41049e-09	350.012
8.17795	3.61842	0.446826	9.15338e-10	95.135
7.18301	5.84722	0.73258	1.44527e-10	16.3989
9.50657	7.33987	0.771375	3.53288e-10	32.4237
7.41019	9.04943	0.978556	1.28468e-10	13.3686
6.87345	-3.19005	0.153528	4.80669e-09	504.478
8.07075	7.15749	0.62639	1.92703e-10	20.0867
7.37994	6.31983	0.776045	1.63797e-09	162.527
-9.90018	3.41119	0.550861	1.60451e-09	157.595
-9.98092	-0.324167	0.70169	3.91736e-09	418.911
7.89435	4.00436	0.47463	1.35697e-09	140.944
5.26246	7.62958	0.917476	6.26284e-10	62.662
6.34982	3.16138	0.394259	6.27627e-09	653.692
7.94141	1.50934	0.496419	2.78367e-09	287.146
8.86585	4.47381	0.528606	8.99279e-10	85.9944
-9.00911	8.30724	0.900837	3.3081e-09	334.52
7.23462	7.00207	0.554902	2.40878e-10	25.9965
-0.672647	-0.851326	0.0594708	2.22238e-09	235.078
0.55524	6.37089	0.790154	3.53288e-10	34.2826
9.53439	9.43861	0.56799	8.02928e-11	8.77778
9.52811	4.37669	0.504348	2.40878e-10	29.7227
8.90559	6.76396	0.490245	1.76644e-10	19.4927
4.83495	9.99197	0.74061	7.38694e-10	74.447
2.61002	-1.45684	0.77494	3.85405e-10	41.5816
-6.05189	-7.20894	0.270151	6.50176e-09	662.936
5.73136	-1.81484	0.219279	3.24714e-09	325.23
8.93325	7.54135	0.776156	1.026e-09	96.1592
9.73867	3.01033	0.573431	2.89054e-10	28.3928
8.24834	0.871551	0.922811	5.6205e-10	47.6296
-9.1241	1.54142	0.803399	1.05231e-08	1080.01
4.65246	5.94494	0.623885	8.02928e-11	12.5297
-7.98396	-8.05733	0.76341	1.14839e-09	119.657
7.57115	1.808	0.970219	4.72607e-10	51.5786
6.03088	8.51466	0.691021	1.6974e-09	177.462
1.05965	7.57627	0.367833	1.93861e-09	201.886
0.569308	-0.390986	0.0547206	2.47745e-09	238.669
9.95981	1.48166	0.813373	8.02928e-11	9.59222
7.84632	5.25366	0.855698	2.08761e-10	22.4753
9.14676	-3.97329	0.0175511	3.3723e-10	39.0332
6.67392	5.92619	0.669354	2.56937e-10	30.5524
5.7117	9.44628	0.880163	2.56937e-10	28.9823
7.08202	7.09852	0.701858	7.22635e-10	72.7289
9.44551	1.7671	0.0857262	2.71101e-09	277.782
-0.372324	0.178831	0.705219	3.94121e-09	407.776
-3.30055	1.4182	0.520057	7.8952e-09	808.494
7.82594	5.15386	0.739206	8.02928e-11	6.41197
9.66346	3.2827	0.611056	3.69347e-10	33.976
5.36208	3.16695	0.270494	5.6205e-10	58.9892
5.80886	5.32494	0.497127	4.4729e-09	460.637
7.18747	2.69206	0.284537	5.13874e-10	52.0769
9.72848	5.23446	0.409432	5.45991e-10	56.7692
5.12794	-2.46528	0.368686	1.7804e-09	182.681
8.97474	1.93603	0.117977	8.02928e-11	9.08246
8.74306	1.7859	0.289942	3.05113e-10	32.8144
-9.80331	-6.11863	0.344032	1.69374e-09	166.305
2.50255	8.91712	0.275589	2.85304e-09	286.887
6.00168	4.3196	0.193488	5.78108e-10	56.8249
6.537	5.34169	0.5477	1.87776e-09	199.618
8.14823	5.47947	0.409719	1.76644e-10	16.1911
4.51612	4.21015	0.907143	6.5813e-09	667.844
8.76613	8.66446	0.80327	2.40878e-10	26.1415
8.44573	-2.34761	0.589747	4.17522e-10	44.2349
8.66741	7.7356	0.853085	6.42342e-11	7.35538
9.66536	0.0280005	0.674294	1.39027e-09	140.161
8.17501	9.89329	0.720866	1.01134e-09	102.807
1.62007	5.87661	0.287057	7.54752e-10	82.6617
2.40566	1.51975	0.569203	3.53288e-10	36.8835
5.65615	3.80734	0.475195	6.42342e-11	5.96126
-1.56594	-2.07594	0.51424	9.15072e-10	97.1136
6.8424	2.54633	0.77928	6.42342e-11	5.62549
8.86106	5.93689	0.501992	3.21171e-11	4.73018
8.27764	6.4984	0.461983	1.28468e-10	13.7155
2.60958	9.74686	0.284713	2.56811e-09	271.969
9.83541	5.51113	0.989905	1.1241e-10	11.1405
1.47059	5.69029	0.188272	7.86918e-09	820.729
8.99759	8.72047	0.879209	1.63797e-09	159.515
-4.22826	5.9128	0.59967	1.26863e-09	131.562
8.11879	5.83284	0.776262	1.1241e-10	12.542
9.83511	9.48738	0.0656064	1.1241e-10	13.8657
7.12408	4.86503	0.922155	8.02928e-11	5.77704
0.935945	0.208655	0.619322	1.96176e-09	198.917
6.3741	2.92226	0.423381	3.21171e-10	29.9179
9.4644	4.93547	0.679317	1.1241e-10	9.96238
7.08114	8.63458	0.710803	9.47455e-10	96.1788
5.06678	-0.191302	0.782547	6.10225e-10	75.8007
7.15017	7.56314	0.644722	3.05113e-10	30.9077
8.8046	9.43158	0.478096	1.1241e-10	11.0259
0.975322	0.0875125	0.320596	3.52621e-09	367.372
-4.70449	3.33393	0.511725	6.74459e-10	69.1303
7.4491	4.19613	0.0890286	5.6205e-10	56.329
1.34558	1.11953	0.488108	5.94971e-09	606.828
0.0784573	2.49804	0.963861	2.99589e-09	318.902
9.11557	-2.92348	0.46714	6.08436e-10	59.0186
-0.117839	0.380677	0.464307	4.05472e-09	415.286
4.54483	8.81181	0.661967	9.63513e-10	110.291
6.95956	-9.03478	0.28906	1.89038e-09	188.281
7.38119	7.33554	0.923883	1.92703e-10	22.313
0.692842	-1.08966	0.0113154	1.03722e-08	1072.45
-1.93646	-2.5327	0.69748	2.45525e-09	246.907
-4.13402	8.3428	0.432389	1.69189e-09	185.409
0.34314	1.85386	0.656233	8.51104e-10	85.9949
8.11656	6.03034	0.407283	8.02928e-11	9.10433
0.771601	-0.302761	0.562839	6.26577e-09	663.415
9.21243	0.724864	0.265253	7.06577e-10	63.1347
6.49402	4.97584	0.446189	4.81757e-11	4.99737
5.39337	-2.31356	0.972053	9.16634e-10	99.3796
-0.136925	-0.795625	0.424234	7.06577e-10	72.1172
2.7174	-0.170127	0.814437	1.75939e-09	174.586
8.92814	1.19239	0.316022	9.31396e-10	98.5025
7.51966	-2.87276	0.306623	1.92966e-09	192.528
0.0649816	-0.236088	0.549773	1.04381e-09	108.531
7.91643	6.72258	0.016496	1.28468e-10	12.0591
-2.29276	5.42017	0.310085	1.56509e-09	165.265
9.09147	-0.395492	0.769266	1.05986e-09	110.247
1.73135	1.11293	0.354115	4.67289e-09	483.417
7.17301	3.92604	0.00376857	1.60586e-10	17.3765
8.49002	6.86733	0.340127	1.1241e-10	10.5913
8.95828	4.63527	0.906631	3.21171e-11	3.83967
4.27045	2.00813	0.278482	1.27863e-09	135.057
7.96722	-1.53662	0.450794	2.40878e-10	27.1101
8.00029	3.98304	0.851256	1.65695e-09	171.573
7.76931	-8.45733	0.531768	2.98774e-09	308.122
9.73833	5.11449	0.197916	2.45012e-09	249.323
6.3071	6.99624	0.832619	4.4964e-10	45.1316
9.80248	0.817646	0.881763	2.56937e-10	24.3402
7.51433	4.2071	0.801416	6.42342e-11	6.19794
6.19767	-9.4086	0.850845	1.49323e-09	160.334
6.24341	8.98884	0.523844	8.18986e-10	82.7694
-2.60795	9.13684	0.633703	7.06577e-10	67.0517
9.36822	1.55266	0.466677	2.2482e-10	20.3451
1.52367	-9.45788	0.506506	4.75953e-09	481.22
7.00825	6.87817	0.924117	1.76644e-10	21.6121
-7.10011	-7.05228	0.998998	6.18928e-09	639.047
6.56995	5.01609	0.0340558	2.08761e-10	24.0638
3.41614	6.46489	0.57988	3.05113e-10	31.5855
6.54035	5.63902	0.103205	1.44527e-10	21.9417
7.86165	4.59377	0.569425	8.02928e-11	7.37652
-0.280075	5.55149	0.719581	1.73432e-09	182.193
5.40191	5.331	0.808718	8.83221e-10	90.4162
8.94907	5.54731	0.706037	4.81757e-11	5.31296
4.3097	6.63371	0.691854	1.25257e-09	124.774
4.95383	7.18839	0.589026	3.02898e-09	307.822
6.73978	5.37176	0.533432	1.92703e-10	17.8454
7.7513	8.00233	0.617158	4.63268e-09	477.885
5.75356	6.99348	0.419407	2.56937e-10	27.7156
3.4147	1.68091	0.864711	6.90518e-10	73.9826
8.308	8.59736	0.46095	9.63513e-11	10.3964
-0.429711	8.98244	0.680373	4.27021e-09	428.047
-8.22851	-0.318409	0.40339	3.09758e-09	322.959
-1.42211	1.35444	0.968982	3.29202e-09	349.776
7.55788	6.88565	0.37786	2.72995e-10	28.1009
9.06725	6.96026	0.351471	4.97815e-10	47.3348
4.51691	4.44986	0.491147	6.74459e-10	68.5183
-2.71018	7.69221	0.431147	2.06205e-09	209.626
-9.69116	5.8728	0.429761	4.75604e-09	491.035
6.21629	5.08272	0.0337686	2.2482e-10	21.5977
9.47988	-0.0353545	0.872792	2.08761e-10	23.1665
7.01938	7.92235	0.945682	1.28468e-10	15.9546
9.56413	4.85101	0.90551	4.17522e-10	33.1624
9.57855	4.86865	0.213409	8.02928e-11	6.93816
8.38276	-3.64451	0.86039	3.85405e-10	37.0379
8.36718	6.01997	0.569205	1.60586e-10	18.4242
4.90224	6.08145	0.551658	3.22417e-09	323.085
2.56363	9.96385	0.911448	1.42145e-09	153.688
3.10197	7.77457	0.143705	9.63513e-10	95.6505
8.39106	7.55998	0.746588	1.20439e-09	131.335
2.21671	3.06831	0.718073	4.2202e-09	433.459
8.30228	8.99655	0.72847	2.40878e-10	24.7944
6.2998	5.08539	0.955954	1.15622e-09	121.824
0.543904	-0.34707	0.973438	1.30254e-09	127.262
7.3731	-2.53732	0.336133	4.81757e-10	50.0975
9.95565	7.72962	0.813576	8.02928e-11	9.82835
8.44478	4.27694	0.674703	3.21171e-11	4.5598
7.055	-4.16792	0.801928	6.25161e-09	641.972
2.79381	4.81721	0.413908	7.06577e-10	65.6324
5.27816	5.1828	0.865398	1.76644e-10	14.7731
9.45426	5.4368	0.32029	9.95631e-10	107.376
-0.676979	-0.160919	0.883383	4.39739e-09	469.123
9.35446	2.91071	0.769329	2.72995e-10	31.2264
9.59789	5.86809	0.580849	4.81757e-11	5.58604
9.1263	6.71174	0.0513273	6.42342e-11	6.34843
9.91082	8.17453	0.522897	6.10225e-10	64.8658
6.76952	3.16656	0.673689	1.37773e-09	143.477
6.74792	8.03575	0.898241	2.2482e-10	21.7876
5.94917	5.27405	0.166346	7.41021e-09	787.064
7.63205	-4.22337	0.935242	8.83221e-10	99.1319
-1.55944	-4.42661	0.15115	1.26863e-09	128.78
-0.714282	9.63071	0.719317	1.34892e-09	136.693
5.67511	4.96396	0.677094	4.81757e-11	8.77876
9.76443	5.49093	0.820816	8.02928e-11	9.3243
8.81403	7.52843	0.11955	5.45991e-10	52.0259
1.31709	9.56747	0.38097	8.67162e-10	77.4069
2.17969	-3.04738	0.457713	1.50875e-09	160.333
9.78222	6.91261	0.44785	1.44527e-10	11.1221
8.45652	5.57032	0.656837	1.60586e-11	3.2433
9.05615	-1.37029	0.113425	8.67162e-10	89.9053
9.37915	3.73818	0.735534	1.76644e-10	13.3132
8.20037	2.34213	0.829772	8.02928e-11	8.50293
-3.49292	2.41457	0.232462	3.85405e-10	52.5665
7.51576	5.44182	0.915227	1.11328e-09	112.688
7.60904	8.364	0.83968	4.65698e-10	52.0684
8.00516	5.66479	0.765256	6.42342e-11	6.4745
1.90738	-4.73298	0.571498	3.20939e-09	328.649
9.25615	6.50219	0.0250168	1.28468e-10	14.5446
5.57616	-5.93127	0.0245446	5.48054e-09	581.436
5.13625	0.300415	0.969614	2.40878e-10	26.2116
9.24218	8.65727	0.751486	5.13874e-10	47.2767
1.06062	-0.785972	0.645212	2.93055e-09	301.033
7.18584	2.41114	0.662146	1.76644e-10	13.4093
5.6217	8.07353	0.93653	3.3723e-10	36.4895
6.98189	4.21097	0.0649094	4.4964e-10	51.7858
-0.331495	0.48087	0.636396	2.72772e-09	273.142
7.22689	5.39355	0.149789	9.63513e-11	11.4792
2.52117	4.60149	0.836356	2.50234e-09	267.001
4.70901	7.87107	0.493131	6.26284e-10	64.1811
6.55147	4.72518	0.962288	5.69553e-09	586.87
4.87191	0.504681	0.796852	8.2841e-09	868.357
-5.40654	4.84338	0.504126	1.07592e-09	103.299
5.99888	5.07795	0.56098	6.26416e-09	650.477
-4.72091	-0.296587	0.912545	5.85447e-09	581.763
8.8378	7.57661	0.321957	9.63513e-11	13.0128
-3.17607	5.31603	0.550561	1.01178e-09	102.036
9.01089	3.3038	0.938372	4.81757e-11	4.80941
6.94726	5.46269	0.715938	1.44527e-10	16.4707
4.7667	3.71092	0.895739	6.42342e-11	8.94127
-6.79816	7.54226	0.870546	1.38104e-09	140.839
-7.32143	5.60345	0.924824	3.23734e-09	332.982
-2.00013	-7.2091	0.438494	6.56905e-09	646.652
6.09923	8.00667	0.335636	6.42342e-11	7.21445
-3.1793	4.62426	0.936141	4.4964e-10	48.1829
9.42109	4.31267	0.881511	2.44849e-09	241.855
6.19438	-9.27394	0.786078	4.97376e-09	512.764
-7.5566	-2.15664	0.446123	3.11914e-09	314.951
9.2621	9.41434	0.975885	1.1241e-10	11.1933
2.26598	3.67766	0.191666	3.69347e-10	32.5344
-1.26774	-0.795119	0.372358	2.82531e-09	293.51
9.03129	7.06803	0.280708	2.2482e-10	20.3419
3.14462	4.35867	0.344777	2.08761e-10	19.9681
4.85497	4.3703	0.328208	2.2482e-10	23.9039
5.73143	8.50021	0.278895	9.08433e-10	96.7021
8.50662	6.91279	0.341208	3.21171e-11	3.03806
9.61121	7.2551	0.95524	3.21171e-11	3.79127
9.85694	6.62759	0.734044	8.02928e-11	8.63909
2.34991	6.49199	0.868269	6.90518e-10	70.2918
8.69059	6.91982	0.193259	3.21171e-11	5.04357
9.50866	4.32044	0.742729	3.21171e-11	4.56547
-8.94888	-9.87574	0.000710567	6.44153e-09	677.066
9.65114	8.91652	0.969746	4.81757e-11	6.61484
8.15677	4.98547	0.757135	4.81757e-11	3.52182
0.638191	-6.01725	0.898584	2.60605e-09	256.945
7.28274	8.74316	0.366715	4.01464e-10	42.0083
6.37098	6.55023	0.912742	4.81757e-10	44.8151
9.10193	-2.31993	0.506977	3.21171e-10	38.7305
5.13949	2.19783	0.216923	1.44527e-10	13.7947
7.03849	3.04077	0.635892	3.21171e-11	4.32956
7.90804	2.57578	0.830918	1.60586e-10	18.669
8.99227	5.55694	0.917487	2.37667e-09	250.488
8.71777	6.45922	0.559292	6.42342e-11	5.46417
9.72511	5.59709	0.10829	9.63513e-11	9.39873
7.80201	9.79063	0.865109	8.02928e-11	7.80704
5.53694	1.93623	0.386199	1.12558e-09	118.525
9.04534	8.7468	0.798716	3.85405e-10	36.8976
2.11378	1.01262	0.898705	1.67145e-09	179.06
9.91394	6.45173	0.870205	5.29932e-10	56.4914
9.77008	-0.809994	0.770823	6.26284e-10	58.6149
2.67502	9.59937	0.125862	3.3723e-10	36.2753
5.58252	1.28952	0.770041	1.60586e-10	15.9604
9.70143	5.22022	0.443934	3.21171e-11	5.33226
8.45158	4.42466	0.973822	3.21171e-11	2.50194
2.1461	0.105495	0.754423	3.36952e-09	338.144
4.95588	9.52802	0.613006	6.58401e-10	69.6203
9.80041	7.73501	0.957984	4.81757e-11	4.91034
6.43747	4.90407	0.498773	1.1241e-10	14.1054
4.00283	6.20686	0.146047	4.81757e-10	54.4382
8.2946	0.439872	0.684172	1.41315e-09	145.845
6.85241	3.93575	0.810833	3.3723e-10	32.4427
8.51685	6.05601	0.907467	3.21171e-11	2.54352
7.04252	1.85838	0.439444	2.56937e-10	20.0407
7.88667	5.94844	0.49991	2.08761e-10	22.3114
9.31187	5.87627	0.875577	1.44527e-10	13.8164
0.23244	9.33943	0.999536	2.56937e-10	27.1084
-1.63903	8.3888	0.0354304	4.81757e-10	51.7877
-3.43252	9.24457	0.780014	4.59456e-09	476.646
9.83356	-3.91926	0.889671	6.58401e-10	69.738
7.99556	4.67558	0.632946	1.1241e-10	9.77863
9.09518	5.18291	0.526274	3.21171e-11	2.98212
1.2379	4.23567	0.976825	4.8794e-09	492.243
-1.11597	6.75859	0.14976	1.71003e-09	175.022
2.35865	-5.19983	0.398817	1.33268e-09	154.388
6.39996	8.05237	0.0906483	6.42342e-11	8.99313
7.9142	7.49175	0.949273	4.01464e-10	34.778
9.42601	3.69201	0.455295	8.02928e-11	7.95585
8.29583	6.395	0.298087	4.81757e-11	4.43928
9.37128	6.09033	0.952982	1.60586e-11	1.83567
9.39741	3.65906	0.853854	4.81757e-11	5.47248
8.80799	5.48952	0.437183	6.42342e-11	3.67073
7.7981	5.03053	0.817907	3.21171e-11	3.3386
8.817	-3.23598	0.817717	1.02722e-09	99.7208
3.70966	6.09065	0.215935	8.42312e-09	861.703
9.50863	6.87826	0.670211	1.60586e-11	2.24301
9.45502	6.7319	0.516504	9.63513e-11	9.40978
9.03909	-2.89896	0.768868	1.65403e-09	173.513
8.15622	5.59065	0.4006	1.60586e-11	2.28389
0.547924	1.47294	0.640149	8.02928e-10	81.8855
-1.05879	1.25161	0.506569	8.44714e-09	867.597
8.96454	4.84858	0.954344	8.02928e-11	7.00411
-4.83008	5.09866	0.784775	3.82693e-09	395.203
9.6661	7.29135	0.39123	8.5618e-10	88.0541
7.72674	1.59172	0.482833	6.42342e-11	6.65827
8.59279	5.14923	0.141444	8.02928e-11	8.63495
9.47405	5.13203	0.17841	4.81757e-11	7.66004
2.83391	-1.98568	0.741598	1.04148e-08	1083.14
8.30652	4.88854	0.148456	1.60586e-11	2.02855
8.53855	5.75556	0.851236	4.81757e-11	2.86856
9.53627	4.25507	0.115688	1.60586e-10	16.3702
8.42511	5.64754	0.733106	3.21171e-11	3.07104
6.1202	-1.5758	0.232904	5.75522e-09	597.398
9.16219	4.20315	0.721531	1.1241e-10	8.51665
7.05411	5.46357	0.848188	6.42342e-11	8.44354
-5.0254	7.34693	0.398297	6.52734e-09	687.413
3.13465	5.81207	0.570239	4.56265e-09	467.894
5.69754	2.15961	0.678074	1.47015e-09	153.161
-1.51442	7.95282	0.757377	4.97815e-10	47.0855
8.24625	5.96486	0.424632	1.60586e-11	3.11398
4.6067	-4.54861	0.692073	1.1877e-09	118.733
9.28387	5.02055	0.95803	6.42342e-11	7.67382
1.48039	2.04599	0.541345	7.4384e-09	739.912
-8.40861	8.59835	0.803598	2.01504e-09	207.308
9.01038	4.37017	0.463883	2.08761e-10	17.2245
6.25377	7.49483	0.692125	5.13874e-10	57.5988
5.60252	4.48271	0.690526	1.28468e-10	13.153
9.95534	2.08474	0.847697	8.02928e-11	7.7148
8.88802	5.67405	0.485045	6.42342e-11	9.11398
4.56646	3.4264	0.240905	2.2482e-10	21.5793
8.28619	5.38626	0.658833	1.60586e-11	3.6137
0.498776	0.677341	0.11373	1.20128e-09	123.841
9.25064	5.94393	0.501243	1.60586e-11	2.08321
9.94915	9.91442	0.747301	8.02928e-11	7.93495
1.44573	7.93604	0.644857	4.01464e-10	36.7094
8.30144	2.40093	0.740335	1.81366e-09	196.286
7.45547	5.54287	0.504201	4.81757e-11	5.05292
9.13864	6.29687	0.847405	3.21171e-11	4.00611
5.72007	1.95885	0.866956	1.28468e-10	14.3953
9.32518	5.72448	0.756733	1.60586e-11	1.40897
8.80028	6.28676	0.570501	1.60586e-11	2.07824
-5.73225	7.66442	0.68117	9.15338e-10	94.9142
0.299419	3.92229	0.519951	9.79572e-10	102.301
9.88689	5.7456	0.034472	6.42342e-11	5.40119
9.71826	4.31748	0.913555	1.60586e-11	2.01337
8.39421	5.92849	0.572691	3.21171e-11	2.20053
7.57433	4.97162	0.0957396	9.85999e-10	99.9589
6.32458	7.96348	0.341468	4.81757e-11	6.05037
9.39499	5.57976	0.884626	3.21171e-11	2.53826
9.69237	4.20182	0.527904	8.02928e-11	11.2586
5.7418	8.55661	0.0307131	1.44527e-10	19.1779
8.78886	6.5868	0.981704	2.40878e-10	24.0677
7.45087	4.3076	0.514482	8.02928e-11	10.8306
-6.92028	7.11808	0.70036	3.66569e-09	377.308
8.48191	3.65294	0.553896	2.72995e-10	26.5025
7.80384	7.98018	0.763932	6.74459e-10	63.0526
-0.898946	0.757491	0.276241	4.67999e-09	481.881
4.38491	-8.88629	0.281163	4.26311e-09	442.604
9.21692	8.20989	0.54755	3.21171e-11	3.55221
9.52211	5.29862	0.960785	1.60586e-11	2.03349
8.47268	6.97593	0.739724	1.60586e-11	2.23807
-0.208651	-0.0149297	0.749667	2.36272e-09	242.082
9.11671	5.69362	0.902012	1.60586e-11	1.23692
8.37905	2.00841	0.618584	1.60586e-10	19.7828
2.63304	-3.69261	0.508963	3.52762e-09	372.473
-4.65572	2.88592	0.929362	6.93827e-09	724.686
9.98499	8.45982	0.602654	9.63513e-11	10.2885
7.56827	3.54518	0.778113	9.63513e-11	11.4926
8.97084	5.57519	0.283801	1.60586e-11	0.648111
9.17895	6.12789	0.934625	1.60586e-11	0.358146
9.91252	5.69571	0.890012	1.60586e-11	0.631748
8.66059	5.06415	0.559823	1.60586e-11	1.62813
9.86235	6.15406	0.615834	1.28468e-10	10.6857
-5.61682	6.46995	0.783972	5.20764e-09	548.474
7.9894	5.60546	0.00955691	1.60586e-11	1.57017
9.51296	5.50047	0.475868	1.60586e-11	0.45494
9.21352	5.70067	0.291652	1.60586e-11	1.35051
8.92666	4.86282	0.451905	1.60586e-11	1.1006
8.83302	-1.43129	0.755719	2.08761e-10	20.0854
9.70922	3.67155	0.478701	6.42342e-11	7.35774
0.811256	1.11308	0.338793	2.56937e-10	26.9094
8.03683	7.06848	0.702515	1.60586e-11	2.33752
4.45241	6.95222	0.870088	1.44527e-10	15.382
2.42659	-1.26619	0.825422	4.03164e-09	411.263
7.83942	5.11206	0.711002	4.97815e-10	46.6933
-0.295807	8.58646	0.692147	3.04309e-09	312.096
1.06345	0.107784	0.981268	2.08761e-10	23.1874
7.94701	5.41938	0.638217	9.63513e-11	12.0095
8.77733	4.59005	0.556126	2.89054e-10	28.3191
-9.23142	-0.604677	0.545916	7.84069e-09	818.754
8.32759	4.75875	0.568255	3.21171e-11	4.09591
9.30148	5.88479	0.312114	1.60586e-11	1.30737
8.91474	5.07382	0.277243	4.81757e-11	4.87982
9.62946	5.26621	0.66076	1.60586e-11	1.47399
9.24899	5.82948	0.255574	1.60586e-11	0.741558
1.99875	6.77561	0.256766	7.22635e-10	75.302
6.15475	3.45149	0.911203	5.13874e-10	56.2447
9.6671	4.84589	0.513535	1.60586e-11	1.25237
6.60537	5.9099	0.943353	1.60586e-10	18.0788
7.80285	7.56158	0.816175	9.63513e-11	9.65423
8.78309	7.16063	0.843233	1.60586e-11	2.63734
8.40887	9.47008	0.572226	2.2482e-10	27.9748
9.207	6.12074	0.449797	1.60586e-11	2.45932
7.97441	5.88671	0.468452	1.60586e-11	1.37689
8.88038	4.62637	0.510622	1.60586e-11	1.36197
-1.0347	8.3377	0.462978	1.04679e-08	1070.51
9.0344	6.62564	0.75563	1.60586e-11	1.01039
9.34439	6.58979	0.483317	1.60586e-11	0.830844
9.54239	4.05537	0.356668	4.81757e-11	3.89881
9.1133	5.95826	0.695281	1.60586e-11	1.1884
2.208	6.69087	0.188294	1.17227e-09	127.669
8.8921	4.07434	0.744762	4.4964e-10	47.6656
-6.4355	-0.992163	0.55696	6.38116e-09	653.005
7.77438	5.38186	0.248791	3.21171e-11	4.62329
8.69643	7.46646	0.0520332	7.06577e-10	70.2699
8.43611	3.1842	0.924097	3.21171e-11	4.4498
9.94557	6.04011	0.671239	1.60586e-11	1.75668
3.71576	9.50645	0.209169	4.28599e-09	438.358
9.48761	6.79707	0.189447	4.81757e-11	3.22813
8.10784	4.58291	0.992433	1.60586e-11	1.60189
9.79159	-1.33136	0.98917	2.2482e-10	30.5618
8.6359	4.43452	0.244684	4.81757e-11	5.19278
6.32334	-5.40719	0.992086	5.53677e-09	557.507
6.26201	5.74365	0.274385	8.02928e-11	10.1218
7.52723	2.1072	0.169011	1.60586e-10	14.2401
9.01198	5.59351	0.592217	1.60586e-10	17.4008
7.52165	-6.1012	0.966103	2.02005e-08	2066.24
9.12797	5.88767	0.827691	1.60586e-11	0.305716
9.81406	6.50437	0.436642	1.60586e-11	1.11654
-3.16677	-3.03758	0.728233	1.73432e-09	182.677
9.63386	6.21682	0.803153	3.21171e-11	3.50458
-1.02562	-0.207957	0.401009	1.02082e-09	107.225
8.42162	2.41114	0.138927	8.02928e-11	11.3096
8.46585	6.35552	0.258793	1.60586e-11	1.12464
9.9877	7.09467	0.611132	1.60586e-11	2.37243
9.32727	6.17532	0.976869	1.60586e-11	1.03174
5.10027	5.91513	0.224567	3.21171e-11	6.15676
9.25253	5.66226	0.470329	1.60586e-11	2.95373
4.41082	3.08336	0.64555	4.01464e-10	40.4476
-8.9705	-7.36312	0.674659	7.93157e-09	834.944
1.41297	0.83718	0.403752	8.51104e-10	85.5293
9.03221	6.73398	0.780046	1.60586e-11	3.02547
9.38999	6.6311	0.74486	1.76644e-10	17.5526
8.88911	4.83563	0.489383	4.81757e-11	4.18923
-1.40172	-0.599635	0.685951	5.9803e-09	620.798
4.66213	5.12381	0.941449	9.7798e-10	113.857
7.75009	9.08212	0.765482	1.3665e-09	137.802
9.34856	8.11269	0.937977	6.42342e-11	6.37445
